1.688540526 -1.625100627
1.006940124 -0.765019455
-0.65482412 1.180602684
2.015136028 -2.191073321
-0.821097014 -0.199450492
-0.591081126 0.970840684
1.613524588 -1.45353393
0.184444195 -0.405344728
-0.368041277 -0.416115778
-0.968355198 0.626611636
0.050105173 -0.182989983
-1.1761133 0.748203341
1.614518499 -1.183675373
-0.94939311 0.452339542
-1.200254011 1.797077559
1.388947303 -1.23509601
-0.659882281 1.340034636
1.723167976 -1.402343967
1.634957486 -1.54854436
-0.504096393 0.870832049
0.740764773 -0.211779985
-0.197169744 0.68641755
-0.375493348 -0.823132927
-0.369387874 0.682262868
-0.400541917 0.748074222
-0.574925477 1.204242624
1.065440238 -0.769288001
0.005106641 0.046855353
-0.858874612 1.407341562
0.718946839 -0.362847223
-1.187388522 0.775713982
1.059702178 -0.564120827
1.216075219 -0.856313213
-0.474813895 1.269301073
-0.342249101 0.737825987
-1.110387466 0.549075895
-0.136478867 0.229750296
-0.229046722 0.261368072
-0.581029682 0.880774822
-0.411104773 -0.292667014
-1.006370332 1.60649417
-0.927718131 1.759013047
0.919554266 -0.318713636
-1.115962374 0.493440521
-0.429875503 -0.426418032
2.181033297 -2.365927032
-0.82388366 -0.100913784
1.081065592 -0.6697544
1.682391905 -1.715129071
1.318554739 -1.056250041
1.25915707 -1.136247608
-0.685358387 1.38167103
0.04269781 -1.274801135
-0.517145961 1.051833884
0.701332711 0.024449525
-0.658857994 -0.052261876
1.771875796 -1.756860959
1.216685008 -0.939867326
-0.76098551 -0.30910035
1.267558301 -1.109821311
-1.77870817 1.46251415
1.793234703 -1.756183714
1.750568318 -1.605593268
-0.633456352 1.429378647
-1.0277005 1.371777808
-0.310543992 -0.814588835
1.439456285 -1.435992242
1.158457526 -0.664537038
-0.328441326 0.638399961
-0.284402201 0.61892166
0.052701386 -0.001382293
-1.308558981 0.98291833
1.171169963 -0.762269988
-0.726433279 0.114213569
1.493971869 -1.825886516
-0.543987878 1.282147636
0.823025543 -0.433420008
1.12742577 -0.3982012
-0.423090524 0.803181
1.329804366 -1.178916004
-0.729998577 -0.094970945
-1.000237349 1.529228178
1.112409377 -0.567462446
0.020467582 0.261793316
1.435533381 -1.147969695
1.516236928 -1.470607012
1.328892443 -1.212557239
1.884710802 -1.798357675
1.149085148 -0.871894615
-0.182434236 0.315896471
-0.710955056 0.097976972
-0.144102287 0.400861344
-0.607682293 -0.193049607
-0.66166351 -0.309945446
0.036318092 -1.357740591
-0.161588777 0.530508578
-0.945623375 0.119800385
-1.231478594 0.603242973
-1.001632244 0.420097364
-0.088659651 0.688125613
-1.219260458 0.405071411
1.629997042 -1.341560703
1.343464315 -1.384782702
1.579820152 -1.844639487
1.105527116 -0.827792319
-0.712486185 -0.109904098
1.415405899 -1.036188818
-0.174442198 0.342502835
-0.634605928 1.173526878
-0.396416816 0.556876099
-0.893043906 1.469009566
1.884565208 -2.032009771
0.762025881 -0.267757585
1.672981213 -1.535501342
-0.669618558 1.152870294
-1.385677179 1.117216055
1.566161095 -1.00169326
0.13378432 -0.414320528
-0.474114025 -0.439759615
-0.753906505 -0.014807494
-0.972609905 0.14476638
-1.314630435 2.279456851
-0.955790851 1.603312606
-0.544529888 1.132776436
-1.329891428 1.102853721
-0.506399564 -0.498151891
-0.89494622 1.42512302
1.390660668 -1.134884126
1.601355449 -1.361239811
-1.068200788 1.840443306
-0.020958068 -1.005684455
-0.296730399 0.760836983
1.236589398 -0.78469087
-0.357362077 0.330194151
1.197791611 -0.98453805
-0.834278231 -0.065065395
-0.615199123 -0.359258327
0.738932629 -0.233052392
-1.646256325 1.329093166
0.975324368 -0.740157077
-0.677710301 1.487501792
1.366118406 -1.319097808
-1.048110242 0.458453698
-0.522276288 1.114757708
-0.553254872 0.915740008
-0.077715245 0.278947302
1.335179693 -1.103758472
-0.42657585 -0.904061267
-1.526015406 1.038664779
-0.753241343 1.615787806
1.136807801 -0.787380329
-0.485649532 0.855769805
-0.843388522 0.200316503
-0.176156362 -0.918192131
1.280076174 -1.235926727
-1.218542605 0.747795623
-0.776074697 -0.222998576
-0.683604211 -0.348383073
0.915681957 -0.783386412
1.432210439 -1.407739139
-0.507502137 1.149650693
-0.68769125 -0.110143957
-0.618208974 1.052562932
-0.8888656 0.440358947
1.92748102 -1.972343946
1.339893446 -1.188422001
-0.666417382 -0.294312185
-0.01423282 0.120298178
1.661585438 -2.174426658
-1.265534486 0.970535321
-0.722034079 0.979290291
1.499087274 -1.185587372
-0.849293535 1.539666138
0.937583878 -0.525133842
1.052574281 -0.852154012
-0.536402805 -0.400115203
-0.07399237 -0.853586875
-0.9012257 0.288383817
1.290857 -0.829238508
-0.633764008 1.198498412
-0.413104151 -0.296210696
-1.438481049 0.953180445
1.161666739 -0.590022432
-0.864817288 1.595918769
-0.245552948 0.539078693
-0.834662907 1.463492936
0.107886557 0.211913385
-0.646314336 0.942509182
1.258937362 -1.346393174
-1.21076811 0.515236942
-0.506902779 0.683625842
-0.561115157 0.109214541
-0.874650272 0.211598447
-0.850677367 1.663359924
-1.564865647 1.15624732
-0.413347779 0.731017679
-0.914995883 0.225749627
-1.413848167 0.890290887
-0.420302567 0.760167275
-0.117391533 0.494772543
-0.408435221 -0.598776479
-1.359596474 0.763700151
-1.657317197 1.284947237
-0.438580286 -0.438188878
0.537858332 0.111046532
-0.324031244 -0.681365317
-1.002708808 0.322527966
0.838918128 -0.401847474
-0.403497912 0.94243776
-0.571923171 1.200220073
-0.722615515 -0.259398934
-0.476607561 0.673696552
-0.617347487 0.99612563
1.759308022 -1.667039552
1.332201983 -1.182235458
-0.872576161 0.445808556
-0.584049992 -0.350121013
-0.195703358 -0.837451954
-0.785810011 0.392914095
-0.293348713 0.969376089
-0.800050725 1.560296728
-0.660703653 1.22996055
-0.455088919 -0.196365187
0.956536295 -0.590644585
-0.217618688 0.765739933
-0.76271951 1.491790624
-1.150843835 0.515545883
0.26169581 -0.084993341
1.613015991 -1.698558042
-0.599343802 1.020768934
1.021876993 -0.55967851
-1.062104405 0.535742853
-0.878959208 0.38822923
-0.876341576 -0.046195159
-0.506995124 -0.522991597
1.679286655 -1.571085737
0.780017761 -0.475150567
-0.601810869 -0.259655384
-0.935590032 0.160738498
-0.2202021 0.8003702
-0.100124416 0.108842866
0.793633661 -0.028517264
-0.247873349 0.525175778
-0.393939991 -0.488659878
1.530718781 -1.107576285
-0.60012613 -0.219369833
0.94215804 -0.395696316
1.396904191 -1.004652868
1.542134024 -1.158352276
-0.803026964 1.61139912
-0.816676987 1.440242956
-0.291252226 -0.787768739
-1.119650161 2.023513062
1.374555656 -0.992579826
-1.142416901 0.511630314
-1.08097266 0.713695372
0.148190649 0.246196582
0.819741367 -0.039107894
-0.289580263 -0.712857781
-0.199941157 -0.323974009
-0.527387322 1.09578659
1.150223396 -0.805916844
-0.646110096 -0.13367824
1.58957332 -1.36720092
-0.86261847 1.840555896
1.480083693 -1.19911349
1.585866989 -1.332271846
1.423729747 -1.258073536
-0.573694168 -0.23049603
1.311511822 -0.702844005
-0.252219624 -0.778457863
1.03487501 -0.654846015
-0.622081354 1.135387304
-0.749889332 1.264733583
-0.058115586 0.422423785
-0.731164081 -0.297050794
-0.929969319 1.807494264
-0.709025762 0.944829648
-0.568312652 -0.169730357
0.086070345 0.170993385
-0.274002933 0.685399654
-0.290160424 0.697296236
-2.007396327 1.972591234
0.751810193 -0.439350155
-0.431530706 0.830857166
1.352449218 -0.905522162
-0.34416694 0.734718444
-0.264711937 -1.001944923
-0.839927857 0.136663175
-0.371989027 0.726012749
-0.264880633 0.697094286
-0.483467667 -0.073997506
0.84082668 -0.532527797
1.400238122 -0.951896116
-0.442236277 -0.677725854
-1.027936755 0.138351863
0.136011694 0.304025334
1.060882497 -0.752433056
-0.939219285 0.071639846
-0.833913942 0.157514124
-1.577186753 1.255106833
-0.899193328 1.422437781
-0.767005139 0.08847129
1.045962287 -0.854801014
-0.536963669 -0.262798825
0.96906728 -0.361408691
-0.248701625 0.50495633
0.964620318 -0.306764094
1.64162222 -1.513947464
-0.442580017 -0.211988808
-1.193414463 2.188174051
-0.478325914 1.011910718
0.022869918 -1.306300074
-0.848563442 1.190424754
-0.627146842 -0.119415428
-1.368044599 1.059650396
1.273360736 -0.661572579
-0.373089315 -0.414413068
1.310727628 -1.28836436
-0.390576277 0.497226351
-1.372263384 0.996684933
1.518573997 -1.252173855
0.96751678 -0.603108588
-0.212122219 -1.126393409
-1.153408549 1.787214892
-0.531858684 -0.651792146
-0.363683333 0.920766663
1.287462787 -0.776868521
-0.046474729 -1.097015508
1.268778207 -0.767831416
-0.87321097 0.201560357
1.176890485 -0.851247535
-0.017791782 0.282510907
1.502654878 -1.500626387
1.450997364 -1.175767648
0.883686551 -0.35270045
1.091214962 -0.871318882
1.71115595 -1.545847668
-0.401855034 -0.27447998
-0.835528998 0.086704919
-0.938459118 1.173533811
-0.934998967 0.5367811
1.855193903 -1.999523901
-0.685013738 1.19422641
1.163763097 -0.872657363
-1.062678526 0.471033213
-0.383295835 -0.701222673
-0.60585455 -0.285686879
-1.11615443 0.322182794
-0.731084395 1.320533744
1.744788774 -1.442103298
-0.627047942 1.07217663
-0.500311678 0.985191544
1.239323804 -0.617822933
-0.690481395 -0.122816999
1.047297902 -0.422725411
1.541497117 -1.004842319
-0.645614882 1.23438153
1.735806558 -1.547158213
1.114459153 -0.725434737
1.584048389 -1.411893128
-1.185836915 0.548997342
-0.498003701 -0.645824089
0.917115959 -0.288551716
0.986311054 -0.773266214
-0.267330851 0.555864614
-0.335015425 0.612579534
1.419183107 -1.096192618
-0.826681887 0.006089616
1.945835981 -1.880115777
-0.642298355 1.443567822
1.21171929 -1.049376997
-0.624809487 1.284469867
1.29524745 -0.961781409
-0.82688265 0.219398057
1.341553349 -1.021402709
-0.135736913 0.521150636
1.662397024 -2.011027688
-0.462017896 1.134486055
-1.150008889 0.989915797
-1.299941222 2.266897469
-1.27630171 0.311051395
0.875773914 -0.409851027
-1.099597061 1.9737674
0.919389648 -0.127976321
-0.822001049 -0.068730672
-0.647324482 -0.26013155
1.620420804 -1.296245891
-0.752460377 1.131744959
-0.648452848 1.08149512
-0.66909315 1.360048056
-0.598202506 -0.430245447
-0.52622944 -0.405662251
-0.633116712 1.280479677
1.543578852 -1.113130935
-0.636196391 1.193238765
-0.89220502 0.353175718
0.975483854 -0.331648274
0.673207257 -0.020019966
-0.9009677 0.391402949
1.374445215 -1.243379647
-0.562387385 1.12074532
1.448204768 -1.381737809
-0.577491506 0.993235666
1.575686794 -1.33376207
-0.997933297 1.509010066
-0.709625666 0.731014487
-0.483328552 0.682569792
-0.615777271 1.272002524
1.841458319 -1.740105746
-0.384573767 -0.298653473
-0.567763628 -0.059309664
-0.647448651 0.053169066
0.382824463 0.20363888
-0.487831177 1.002043039
1.527935968 -1.434053433
1.812481116 -1.868124419
1.320660861 -1.176080178
-0.724666588 0.052466281
-1.338875287 0.700101505
-0.082266674 -1.008822238
-0.747507459 0.990452399
-0.734784583 1.440964065
-0.990251791 0.543229763
-0.715108848 1.325107002
1.770395083 -1.753526408
-0.913604563 0.485975087
0.800559987 0.016120201
-0.622788276 0.767476099
-0.743490626 -0.115960773
-0.833769135 -0.036913967
-0.26850873 0.478862582
-0.939793579 -0.039301478
-0.088757465 0.633819706
-1.396934258 2.277502226
1.185206878 -0.800232317
-0.254621849 0.595903123
-0.37393844 0.747490073
-0.405479371 -0.367961765
-0.810472307 1.241053963
-0.995475848 0.336972411
0.060126227 0.04529259
0.10600073 0.457490567
-0.22742316 0.724655508
-1.198448321 1.860537618
-0.20997966 -0.978997973
0.563515363 0.102256005
-0.340851914 1.091873264
2.048952712 -2.01363279
-1.101375621 0.634695496
-0.944834384 -0.050922556
1.695977211 -1.658077192
-0.869620153 -0.015101977
-0.478169263 -0.391700209
-0.839596909 -0.113334146
1.099486734 -0.795275819
-0.270143609 0.373536062
1.586836167 -1.15400428
-0.813822096 0.320877351
-0.648266861 1.689777902
-0.317215118 0.528548589
1.711881705 -1.280896119
1.448041795 -1.081405727
-0.661641855 0.082423313
-0.840578469 0.312967032
-1.353954088 0.77585183
1.794781403 -1.262607902
-0.506747685 -0.227547835
1.311910107 -1.232787454
1.923643336 -1.920462482
-1.291186187 2.108627994
-0.642484222 0.08214491
1.766805533 -1.715265806
-0.51014494 -0.186655636
-0.705219573 1.434109438
1.162571635 -0.791039398
0.928475233 -0.690240132
1.462837607 -1.448113196
1.117691706 -0.696281104
-0.900881302 0.313012821
-0.185906771 0.06833155
-0.898967975 1.637867473
-0.632847698 -0.011841902
-0.261354161 0.420667507
-0.951217824 0.382159556
-0.746597952 1.848848213
1.115846816 -0.782941877
-1.37690601 2.329149367
-0.816808013 1.095396316
-0.140973487 0.491459102
-1.040257347 0.185207247
1.05924545 -1.003805821
1.014313732 -0.611936733
-1.007960419 0.481580719
-0.512901718 0.917263544
-0.417964321 -0.594932597
1.744886272 -1.573820185
-0.376732403 0.64594172
-1.356464928 1.126261415
1.29197368 -0.970176599