-1.187336418 1.367611334
0.713381205 0.111090331
0.647881253 0.667368004
0.139348457 -0.857369836
0.531352159 -0.97739359
1.829196023 0.693006262
-0.135982747 0.854252512
0.900336936 -0.247098701
-1.34909086 -1.149655534
-1.366621734 -1.052117499
1.673195106 -0.256272028
0.915672696 0.059326857
-0.920198983 -0.213788249
0.557228856 0.857572043
-0.772754976 -1.661062951
-0.153267627 0.723148953
0.605463941 -0.532777109
-0.770897294 0.484365776
-1.36296243 -1.143414906
0.948175582 1.57444925
0.747571606 -1.660252966
-0.807699856 0.163389592
1.605463954 -0.555336025
-1.55786402 0.726301701
0.746188874 1.706158451
-0.088838174 -0.946465687
1.503672158 0.907158583
-0.875498063 0.157022834
-1.332898534 1.177361742
1.556082575 -0.801932607
-0.18577913 -0.935585611
-1.855127419 0.288123687
-1.793073291 0.250083488
0.093908265 -1.678232605
-0.822897029 -0.077853027
0.941076661 -0.27684627
-0.20284773 0.945514134
0.140183025 -0.791152063
-0.817940303 0.618380592
1.794876555 -0.561873714
-0.271422031 0.759503817
0.678137761 1.604164925
-0.710718071 -0.5547453
1.379416009 -1.145224597
-0.66011801 1.550725226
1.900993339 -0.011254244
1.006397853 -1.462958069
-0.438765791 0.806548171
-0.461321604 -0.722280662
-1.428268418 0.975003258
-0.766577144 0.298964386
-0.758965638 -1.585643343
-0.634012027 0.609239065
-1.604328784 -0.910072181
-1.727173354 -0.393279718
1.774685957 0.510168271
-0.312518727 0.877913765
-0.576854987 -1.791577947
1.395039635 -0.995123357
-0.751860956 0.693877982
-0.876425742 1.555782963
0.710293515 0.397621765
-0.93720895 -0.388726182
-0.128072544 -0.823738996
0.304391211 0.835816248
0.346149244 -1.871822769
1.698232281 0.37896885
0.709825959 -0.516739306
0.899606694 0.527679437
-0.603025263 1.59358832
-1.551377307 -0.698212108
-0.268887619 1.807434769
-0.494518264 0.694024021
0.802733382 -0.413486555
-0.678480834 -1.610943495
-0.8701029 0.269300712
0.989867707 0.371750533
-1.406679682 1.060701134
1.002789851 -0.041082878
0.461892615 0.859584731
0.0888573 0.859921093
1.64355462 -0.639429558
0.804152932 -0.759090729
1.216029686 -1.217297794
-0.42020173 0.682253548
-0.218596093 0.866351274
-0.444722051 -0.778611392
-1.161233535 -1.272098577
-0.621274587 0.569050149
0.342429577 1.636229167
1.290075563 -1.191888858
-0.614576255 -0.561678888
-0.844472615 -0.169270203
0.480617902 -1.69172523
-0.470939584 -1.655675422
-0.845928909 0.096894835
0.319890659 1.935057512
0.014412238 -1.075248174
0.129753538 1.771413317
0.831190094 -1.625284523
-1.639644113 0.796884972
-0.540069651 0.956087529
-0.462563187 1.668721776
0.503184179 -0.511631786
1.580476773 0.223980674
-0.556368522 -0.768659079
-1.544521452 0.620503187
1.788470271 -0.684379449
0.396882369 0.885788928
-1.228555617 -1.117807955
0.67671169 0.433532823
1.829413226 0.08026088
-1.564593374 -0.472591406
1.740198884 0.379181894
0.44069592 -0.736744693
-0.024447469 -0.758120536
-0.649727272 -0.00123754
0.52596826 0.628757447
0.863358109 -1.49949391
0.056685066 -1.771660398
-0.068930488 -0.886785548
0.561711077 1.626702367
-1.879558709 -0.531622541
-0.966650849 0.341360191
-0.43406938 -0.596841865
1.593978234 -0.653544656
0.09788127 1.78813938
-0.588579245 -0.525000297
-0.793385591 -0.187262839
-0.569404366 -0.773144469
0.678079076 -0.400077303
1.559470658 -0.96698261
0.421599671 0.951181045
0.12289473 1.824623944
0.219843489 0.823563414
0.971236318 -0.209525352
0.324868652 -0.818499361
0.395868236 -0.793474883
0.320179592 -0.825009012
-0.047826415 -1.874708
0.268192413 -1.61046674
0.430289966 1.678616863
-0.411084337 1.478806731
1.518587233 1.027786161
0.864611132 -0.249624211
1.855008166 0.159633125
-0.182704869 0.999024538
-0.609166871 0.799998014
1.646130601 -0.284586383
1.945074762 0.223715634
-1.620267877 -0.847041467
-0.936625066 -0.154395693
-1.692115445 -0.381156203
0.877221213 -0.103185368
-1.734163863 -0.023349678
1.518205344 1.005139355
-0.192493875 1.730204801
1.488269097 0.760791946
-0.887598939 -0.049423943
1.497378965 0.558209876
0.577345607 0.648914337
1.390868167 -1.079207407
-0.086131698 1.817650502
-0.914493475 -0.398141961
1.629370725 -0.771067968
-0.817339567 1.494910148
-0.675032286 -0.500299732
0.190560022 0.842428444
0.807131475 -0.032813146
0.526117547 -0.548442347
0.295130721 -0.776178491
-1.259389614 -1.413975062
0.747752585 -0.607842746
-0.845632577 0.213807607
0.730639076 -0.199308154
0.852170816 -1.500989394
-0.156216204 0.916455277
0.527474399 1.735055947
0.259438352 0.74687422
0.377641163 -0.857354405
-0.438593034 0.761137979
-1.024289027 -1.576994804
-1.564186405 0.968872242
0.785643733 -0.402469366
-0.083272047 1.768842254
-0.591473644 0.595757501
-0.272257812 -0.81524242
-0.047895771 -0.858693813
-0.093494823 0.997282477
-1.107490032 1.52157231
0.103496976 0.803923117
0.166874432 -0.865358218
-1.142780827 1.276795668
0.263986397 0.971798801
0.483607101 -0.961188149
0.128918239 0.932824072
-0.759516523 -0.382124271
-1.207728123 1.196782132
1.568086504 0.69691946
0.381513228 -1.819386596
-1.519178546 -0.840667289
-1.241624698 -1.36068851
-1.441765059 -0.941730848
0.590729801 -0.407984267
-0.925293002 -1.705628834
0.710018472 0.035527978
1.579499173 -0.814484771
-0.421281579 -0.725047975
-0.029468628 1.807678032
0.025809437 0.988672341
0.954886723 0.149080518
-1.713036652 -0.899200336
-1.277136467 0.868810447
-0.103358874 -0.664872562
1.807292485 0.178659569
-0.734444175 -0.806571259
1.572715535 0.83721055
-1.568220287 -0.958636975
1.797177097 0.056709151
0.714521429 0.18262999
1.227536659 1.316862178
-1.691121069 0.6786901
1.858401943 -0.131429203
-1.401811483 0.955783889
-0.711206552 -0.541585194
-0.005830361 0.864851545
-0.388872949 -1.704161342
1.699660896 -0.213918799
-1.643333085 0.354182163
-0.871958585 -1.605202997
-0.4602223 -0.777828533
-1.908121777 0.148974806
0.77338548 0.357727152
-1.613123935 0.626792804
-0.872152028 0.259497533
-0.10078616 -0.973277331
0.839796234 0.445094515
-1.661825684 -0.592864599
0.102731333 -1.852902161
-0.783063746 0.478145211
-0.133031432 -1.756939425
-1.84718425 0.010037619
0.634397634 0.69246952
0.726719724 0.076819603
-0.548280635 -0.781014744
-0.760263984 -0.231961586
-0.769896125 0.524916657
1.660752786 -0.832918422
-1.740209899 -0.48798111
1.162095539 1.337296937
0.797497174 -0.495687996
-0.999856538 -1.51455877
1.159840872 1.34513454
0.962920211 1.572071221
-1.401193431 1.155144758
-1.035234285 1.520325704
0.034854623 1.619244093
0.502340057 -1.723344643
0.655393173 0.387104615
1.367408848 -1.226326253
-0.409546089 1.598990643
1.177226601 1.385442364
0.257807958 0.904686428
1.206920409 1.183207742
-0.902595358 0.30658978
-0.889535721 -0.245826874
0.046439935 -0.953000364
1.208896091 -1.398632697
1.34802264 1.045275109
-0.607044201 -0.428167136
-0.887769733 -0.140558465
-1.182441982 -1.205296147
-0.144089857 -0.863880821
-0.798714278 0.602565351
-1.732834299 -0.506841616
1.118305875 -1.501296626
-1.49572339 1.052768871
-0.779132793 0.675903205
-0.739452055 0.59813665
-0.733620716 0.509530962
1.060238319 -1.414074895
-0.921136408 -0.186275419
0.096712894 -1.570052014
1.221972628 -1.434846206
0.746288018 -1.529945352
1.640868452 -0.695186952
0.872110553 0.281188381
-0.276104907 1.739180511
1.507899026 1.039328687
1.190212454 -1.365587508
1.472363774 -0.918973681
-1.73444942 -0.189865695
-1.60330308 0.568921709
-0.982090401 -1.513093242
-0.668086031 -0.868929368
-0.821088046 -0.522397711
0.8620587 1.46448625
0.586933552 0.47249071
-0.847785662 0.39531324
-0.614145032 1.644335477
-0.009049859 0.901113332
-0.035384179 0.800422039
1.675749491 0.602087977
0.41036486 0.793130038
-0.487822549 -0.719738031
0.858613496 -0.205835567
1.577152154 -1.020518276
-1.119245581 -1.465810754
-0.872193799 1.389942448
1.005707674 -0.147062705
0.698366936 -0.570320054
-1.722438851 0.579653588
-1.382183299 -1.047688772
-1.361165117 -1.179352738
1.580550392 0.741539503
-0.466794015 0.687239033
-1.764168855 0.876876211
-0.821310829 0.35324913
-1.439672792 -0.641944581
1.555879527 -0.624684635
0.894940215 0.242799549
-0.474569676 -0.625871379
-0.146592774 0.781607701
0.968667819 0.012037494
-0.792462219 -0.640375321
1.869575358 -0.265423796
-0.96504086 -0.150983315
1.576093697 0.79724033
-0.306320403 0.812349997
0.243243556 0.930369926
0.908556347 0.431200125
1.470050321 -0.793527851
-0.519923041 -0.754478671
1.807501029 0.269468241
-0.745398661 -0.08443458
-1.752164742 -0.116921833
0.621227012 0.538004308
0.460510227 0.851953151
-0.704613638 1.615741258
-0.123546364 -1.64678126
-0.253111937 -0.58638558
0.738956237 -0.456405335
0.744754869 0.654004604
0.444429766 0.787884231
-0.117602982 -0.859408163
-0.120279056 -1.788243385
0.257798914 -0.834723419
-0.680722712 1.539173113
0.331718071 0.770433341
0.839730912 0.265683615
1.738943148 0.563182465
-0.92932917 0.087709374
-0.989814945 1.61806572
0.880645336 0.423152673
1.041413103 1.486204672
0.800186724 -0.29879265
0.380365095 1.740857347
0.87973227 1.449998908
0.767333912 0.398768126
0.582259953 1.679749333
0.883710606 -1.421570398
-0.840532932 -0.422113316
-0.603130969 -0.61390282
-0.334278438 -0.782227887
-1.738107161 0.110317139
1.286158623 -1.121252198
0.048354247 1.815886087
-0.906204833 -0.030893662
-1.867698859 -0.248797869
0.027369716 -1.689456832
1.453360549 0.983957333
0.858342273 1.588449789
0.126565356 -1.039562953
1.775731962 0.026523156
0.503609263 -1.51913405
-0.861558365 0.299253077
-0.323740036 -0.925409968
-1.365340493 0.969989792
-0.68720784 0.553203013
0.279317704 0.934382503
0.805958573 -0.376722909
-0.268293668 -1.788699268
-0.972618058 0.04234498
0.979523412 0.092547611
-1.333251721 1.264092855
0.549105639 -0.738307188
-1.230105386 1.314261116
0.188379617 -0.808025591
-0.761971012 -1.737957552
-0.140661289 1.782570264
0.221136943 0.975551184
0.762181458 1.700010545
-0.545296978 0.621218454
-0.885603932 -0.025878968
0.773977323 -1.639201669
0.650210066 0.68915894
1.77313867 -0.947219593
-1.610425826 -0.85181973
-1.62732696 -0.828758455
-0.438882048 0.655933037
-0.313456654 -1.745178429
-0.78136687 0.446819479
-1.753399423 -0.259743513
0.539560801 -0.681959121
0.797271188 -0.166095063
0.84453725 0.141718504
-0.24559921 0.938839193
0.730242132 -1.728820853
-0.99193056 1.555764968
-1.806330362 0.155281251
0.85378823 -0.469996348
-0.113629995 -0.949262562
0.384276397 -0.819660382
0.41910725 -0.8019403
-0.945242643 -0.21411725
-1.314216481 1.278376492
-0.646232347 1.562572679
0.875303179 0.367079115
-1.728421097 0.330666279
-0.907976495 0.370144031
0.59858274 0.695417386
0.195097229 1.735187094
-0.164471807 0.91875962
0.989244331 0.204880158
-0.894913967 0.094721793
0.251591512 -0.994230436
1.102075179 1.706097389
-1.574416883 0.893513044
-0.724734993 -0.294645329
0.666254845 -0.550904139
0.655288631 0.436564991
0.226993624 -0.829035304
1.110470397 1.441814076
-0.860869532 -0.477680287
0.319208267 1.733250107
-0.305275744 -0.750181504
-0.02233689 -0.905758806
-1.755219843 -0.121378459
0.60210268 0.767263665
1.225481003 1.040369633
-0.065451039 -1.861315764
-0.814620311 0.092689884
-1.042848806 -1.454831775
-1.304240403 -1.090304746
1.756957941 -0.396981386
0.653016956 -1.605151466
1.287976868 1.375878391
1.239776257 1.309728365
-1.630650517 -0.221310388
-0.152065159 -1.638756098
0.732299817 -0.541726654
0.328006472 -0.815916556
0.659459737 0.762955451
-0.295576914 -0.809368334
-0.727920248 -0.581986786
0.467873594 -0.799125065
-1.352256787 -0.933093969
0.604981138 0.710671714
0.528904671 -0.575725713
-0.294465817 -1.708657997
-1.439675835 1.052346124
-0.700242961 0.700570271
0.254726834 -0.757452255
-0.059039578 -0.906856654
-0.501225755 0.853968822
0.405757346 -1.763677117
1.876572688 -0.213147386
0.551783686 -0.744821078
-1.902729991 0.498825521
-0.74334852 -0.759562724
0.968734117 0.389339055
-0.522041 1.621352712
-0.360725227 0.69932932
1.555546367 1.10278216
-0.905686085 -1.456689706
-0.496703588 0.807551641
0.769780517 -0.354624141
-0.525196356 -1.617684001
0.729321782 -0.344781091
1.013918643 1.442673289
0.403438926 -1.786715137
-0.047719327 0.959982726
-0.739158745 -0.454301224
-1.131252885 1.454111731
0.77125266 -0.526147849
-0.402507344 1.902038062
-1.15647699 1.31318263
0.524235212 0.797241941
1.695364623 -0.446429961
0.899571983 0.572494593
1.038961105 -1.440028391
1.77347772 0.451103429
-0.753503819 0.319200771
0.307817572 -1.891775096
0.820467284 0.05166015
-0.138872455 0.914790714
0.170808277 -1.86947765
-1.990914775 0.461785529
0.623776021 1.606702855
-0.66398682 -1.760522796