1.85483871 8.114035088
1.877880184 7.266081871
1.877880184 6.359649123
2.338709677 8.114035088
2.384792627 7.324561404
2.476958525 6.418128655
2.914746544 8.084795322
2.891705069 7.236842105
2.914746544 6.535087719
3.421658986 8.084795322
3.421658986 7.207602339
3.444700461 6.564327485
3.859447005 8.084795322
3.859447005 7.35380117
3.813364055 6.593567251
4.320276498 7.938596491
4.274193548 7.236842105
4.274193548 6.535087719
4.758064516 8.055555556
4.711981567 7.119883041
4.735023041 6.388888889
5.264976959 7.967836257
5.218894009 7.207602339
5.17281106 6.418128655
5.771889401 7.967836257
5.656682028 7.236842105
5.679723502 6.476608187
6.094470046 7.938596491
6.071428571 7.207602339
6.186635945 6.535087719
4.043778802 5.014619883
4.389400922 5.160818713
4.873271889 5.219298246
5.241935484 4.897660819
5.264976959 4.429824561
4.965437788 4.108187135
4.573732719 3.961988304
4.18202765 4.078947368
3.905529954 4.66374269
4.48156682 4.80994152
4.896313364 4.897660819
5.057603687 4.51754386
4.711981567 4.312865497
4.274193548 4.488304094
4.205069124 4.897660819
3.974654378 4.429824561
4.665898618 5.307017544
5.126728111 5.131578947
4.688940092 4.576023392
4.458525346 4.195906433
2.453917051 4.605263158
2.5 4.605263158
2.707373272 4.692982456
2.707373272 4.722222222
2.983870968 4.751461988
3.006912442 4.429824561
3.122119816 4.546783626
3.19124424 4.66374269
3.214285714 4.488304094
3.14516129 4.108187135
3.029953917 4.108187135
2.799539171 4.049707602
2.707373272 4.049707602
2.523041475 4.108187135
2.523041475 4.342105263
2.684331797 4.400584795
2.891705069 4.459064327
2.84562212 4.634502924
2.84562212 4.283625731
2.914746544 4.166666667
3.052995392 4.166666667
3.14516129 4.225146199
2.868663594 4.51754386
2.546082949 4.195906433
2.384792627 4.254385965
2.407834101 4.459064327
2.523041475 4.66374269
2.638248848 4.51754386
2.707373272 4.166666667
2.799539171 4.722222222
3.029953917 4.692982456
3.099078341 4.312865497
3.19124424 4.312865497
3.237327189 4.66374269
3.237327189 4.429824561
3.237327189 4.166666667