0.196677691 -1.370112881
1.045971177 -1.430571357
0.402540288 0.332133512
-0.055347812 1.105939806
1.693463943 -0.164915079
-1.208349948 1.290919546
0.341796397 0.655479579
-0.583047647 0.159396274
-1.026478151 1.505563972
1.22834508 -1.24375196
0.548903313 -0.311082008
-0.263778381 -0.586460959
-1.535543304 0.92606177
-1.292164282 0.935654021
-0.413387498 1.485592725
0.425526655 -1.533563461
1.058272848 -1.354806231
-1.776173671 -0.426548086
0.332209309 0.920790231
0.577820306 -0.482378113
-0.123067563 1.27886598
0.582335879 -1.694065474
-0.229690741 1.294226664
-1.473021224 0.785881151
0.240077234 0.830802959
-0.548717185 -0.068619344
-1.517634205 0.85716602
-0.45830725 -0.608547305
0.32491345 -1.358655093
0.816617192 -1.472384776
1.370266113 -0.644225826
-0.173918772 -1.171748747
0.653498849 -0.360058249
1.033337442 -1.362629491
-0.166396061 -0.723194945
1.31305717 -0.866445446
0.008379563 -1.381096632
-1.765216766 -0.095708353
0.180868566 -1.310696226
0.027005582 -1.19527661
-0.543160112 0.503934525
-0.902087457 1.273529754
-0.877529449 1.312849889
1.013428878 -1.371325177
0.438036798 0.282916573
-1.575530937 0.675793561
0.622555016 -1.468577216
-1.333999464 1.005172967
0.912675532 -1.469322592
-0.181416569 -0.963084506
-0.305343716 1.40222316
0.136258723 -1.196025796
0.046637643 -1.190189504
0.16170122 -1.17889127
1.528359663 -0.472921005
0.570114993 0.196072683
-0.084011165 -1.111957524
-1.821621031 -0.356854718
-0.452943509 0.18147942
-0.348473155 1.55157919
1.123602125 -1.281791792
-1.721447193 0.037207131
-0.48703278 -0.368242845
-0.050143804 -1.05970081
0.754377524 -1.611033294
0.099407396 1.300322801
-0.530904724 1.524665265
-0.624082756 0.327715408
-1.56984203 0.297412334
-1.638286314 0.071542997
0.451494442 0.488638653
0.601322879 -1.509464722
-0.257544451 1.444688093
0.904758299 -1.414956133
1.664536319 0.196522024
-0.541664842 0.389910169
0.615525204 -0.035762116
0.367623573 0.334381018
-1.333819734 1.100865068
-0.089704323 1.544861146
-1.310548967 1.052062262
1.255797874 -1.065457497
0.564340861 0.242877832
-1.322544317 1.322197639
1.61269039 0.27010616
0.639272215 0.079914542
0.204319316 -1.529195382
1.687010296 0.012779151
-1.742771663 -0.457804481
0.259825753 -1.260398787
0.660286101 -0.126018114
-1.563531084 0.543275893
1.379321909 -0.996332758
-0.651002911 1.557117639
0.337764768 0.796364464
-1.455653155 1.078719213
-1.131272554 1.21430918
-0.567329539 1.376534932
-1.417354132 1.033020215
1.475076424 -1.034626998
0.605413143 0.202967075
1.683378892 0.018028404
1.67007256 -0.136497412
-0.396643799 1.553284588
0.147500378 -1.364645719
-0.467450543 0.090669123
-0.441363401 1.531674262
1.109837364 -1.202844782
0.478084617 -1.557418592
-0.516934282 0.295060985
0.332408084 0.752831589
0.327315668 -1.534711632
0.585746353 -0.320382709
-1.685621477 0.045560664
0.555898645 0.062422055
-1.361166288 0.865248356
1.531274023 -0.555212498
-1.056598953 1.320620295
1.716787988 0.412420532
0.467363574 0.104222697
-0.602848051 1.423030532
-0.829185829 1.545348941
0.484700033 0.609193804
-1.335365808 0.906506007
-0.294299415 1.402461293
1.433409739 -0.377717733
1.674193137 -0.184573359
0.530423188 0.130423271
1.430564843 -0.671028766
-0.137679324 -1.139483244
1.520366826 -0.388827004
-1.568075541 0.399995657
1.664624071 0.271939197
-0.042630078 -1.173373904
0.836730938 -1.408456584
-0.498718935 -0.648971126
-0.649020792 1.396386486
-0.568004099 1.520827016
0.934514104 -1.472800581
1.608681721 0.485476083
-1.633740547 0.262767411
-0.086212764 1.213578081
0.279752711 0.8633056
-0.155467806 1.43701212
-1.680872533 0.286193538
-0.948275248 1.112992403
0.326669647 0.441234644
0.640445834 -1.496429609
-1.715383044 0.070273641
-1.388135561 0.842400397
-0.127634672 -0.821050124
1.580000388 -0.397319673
-1.476147358 0.258211439
-1.433576477 1.028926966
1.649961912 -0.22025265
0.8976858 -1.299450768
-0.5246218 -0.305739845
-0.448743163 1.568918268
-1.722664934 -0.072004841
1.19173117 -1.342390664
0.361241462 -1.565720189
0.077256232 -1.379409605
-0.123421162 -1.127379814
-1.252902268 1.011078858
0.164944679 1.067795787
0.543652001 -0.317780376
0.553099063 0.296088724
0.353218673 0.652575847
1.480122876 -0.942702649
1.495611154 -0.713451298
-0.388248497 1.61275064
0.329686081 -1.49684772
1.760344824 -0.000844871
-0.777986876 1.42458398
0.098930737 -1.130419567
0.544319163 -0.300094033
-1.204247324 1.240193457
-0.031938604 1.274520556
-0.172647615 1.454824945
0.084867203 1.11679203
1.548367992 -0.493182459
0.45384305 0.641811787
0.445249619 -0.048515017
-0.344517786 -0.784574241
0.554013071 -0.392552226
-1.094712186 1.372715072
1.428386479 -0.855401919
-0.733295654 1.539609021
1.081344504 -1.36482051
-0.07995285 -1.129696592
-0.336752211 -0.689461846
1.400394241 -0.915491289
0.07748635 -1.138647828
1.77280165 0.609417771
1.662992842 0.204331962
-0.093208883 1.466998665
-1.640726435 0.090871858
-0.107049064 1.262550834
1.638390917 -0.396932913
1.651912828 0.025552586
-1.465972815 0.675443399
1.682023643 0.332407533
-1.764732178 -0.511874995
0.102378197 1.176693402
-0.492391997 -0.25039696
-0.333027083 -0.419149366
-0.896377402 1.319300307
0.636774486 -1.595590416
1.662065772 -0.140457381
0.427780089 0.778297292
1.630960898 0.093289529
-0.300635298 -0.520761757
-1.204836926 1.331368845
-0.270181036 -1.17984736
-0.058103845 -0.989873505
0.379417552 -1.607813086
-0.584846077 0.092986163
0.427580501 0.431901284
0.390391331 0.373104652
-1.635964657 0.594511198
-0.445697561 -0.687375517
-0.390669525 1.479779154
-0.452912551 -0.254667072
-0.500340859 1.330930419
1.626328199 0.118854391
0.608502829 -1.450547577
-1.288953024 1.288512384
-0.226597271 -0.841844825
0.215945328 0.944788643
-0.355625758 -0.900513275
0.780238419 -1.367514466
-0.181361196 1.272366809
-0.364374453 -0.582399067
-1.746594423 -0.450426073
0.134603239 1.097654851
-0.388085102 -0.566267803
-0.0467284 1.388808836
-0.548537653 0.220397741
-0.822399651 1.569082979
-0.034609196 -1.363262814
0.459115254 0.341881239
0.466710476 -0.690928232
0.556645975 -1.487907231
0.439248082 -0.213354975
0.595882627 0.079806297
-0.564035926 -0.320479527
-1.220167979 1.23227228
-0.687490474 1.589133104
-0.206289462 1.436354781
-0.324117216 -0.798313728
-0.495457073 -0.27381351
0.581892091 -0.254877318
-1.569483809 0.321663856
0.199716308 1.03775768
1.608966202 -0.31781661
0.149389879 -1.451617843
-1.790891786 -0.212508136
0.932164131 -1.542349308
1.64326964 0.179819986
-0.176591077 -0.881129672
1.2535024 -0.919620165
-0.507877799 -0.081580314
0.110757431 1.041352704
0.288145557 -1.397092005
0.025443456 1.230734827
0.715057601 -1.581499299
-1.728862927 0.087219128
-0.61426845 -0.305084629
0.86618283 -1.470215756
-0.395667301 -0.469810589
1.673812394 0.0341783
0.83027699 -1.523408477
-0.35056261 -0.844729139
-0.651461142 1.557669306
0.789967034 -1.466630166
1.397511924 -0.929231043
-1.219381018 1.321647274
-1.322197864 0.9707813
-0.522533763 1.632258643
-0.55308932 0.198731691
0.276232875 1.145543755
0.293033516 -1.418396242
-1.317834242 1.126994507
0.377841057 0.641421995
0.381972978 0.583570795
-1.555140346 0.564138882
-1.51218756 0.570427299
-1.733357696 0.029403241
-1.110094567 1.225277454
0.205059956 -1.420034331
-0.038267516 -1.170037248
-1.674436738 0.022954887
-0.473120346 0.194658586
-1.438144276 0.958504339
-0.70380169 1.472208583
1.733112261 0.465978577
0.257936903 0.916479031
-1.744297602 -0.331732306
1.721416861 -0.172637844
0.588214186 -1.600311273
0.378400531 -1.537620856
0.435239061 -1.437465883
1.073637849 -1.283782731
-0.187746892 -0.886510493
-0.659231652 0.483809779
-0.919637116 1.452948234
1.163801241 -1.442985711
1.610126631 -0.720059165
-0.518089081 -0.100348999
0.560550613 -0.223005485
-0.439996073 1.59739918
1.824561408 0.309603804
-1.524623599 0.554526839
1.242862728 -0.935995377
-1.015666644 1.37749655
-0.80971739 1.405839219
-0.299359045 -0.969112702
0.733656471 -1.309060195
-0.300537119 1.432473587
0.842237759 -1.389271243
1.60744379 -0.262151013
1.690748365 -0.312997202
0.638601246 -1.495460645
-0.605766118 1.357629908
0.069408567 1.128396817
0.653646602 -1.431329764
-0.905055298 1.186528274
0.519460013 -0.117743257
1.61001729 -0.479605664
-1.526777266 0.510260795
0.771375181 -1.787614114
1.250820434 -1.319879265
-1.495193443 0.556103955
1.300717353 -1.089135768
0.176567107 0.990671452
-0.797353331 1.446969265
-0.647131564 0.303255193
1.708280564 0.120656224
-1.252331929 1.095892155
-1.325354717 1.14624326
-1.754977039 -0.297828888
1.458060729 -0.651426424
1.611497102 -0.283763414
-0.14854015 -1.068846563
-1.553448615 0.271159389
0.44558888 -1.469102185
-1.540587018 0.552616809
-1.666797343 -0.128783778
0.563219915 0.148454501
1.655538707 -0.533669466
-1.608162828 -0.297572036
-0.635910605 -0.209300833
1.257392214 -1.130834057
-0.879915322 1.3994486
-1.647106044 0.625005305
0.783187472 -1.376247533
0.352129379 0.567653669
0.182633901 -1.474663474
0.581902447 -0.041601408
1.502870831 -0.804391859
-0.455575697 -0.336185369
1.066819935 -1.448086103
-0.105457815 1.442506867
-1.570794651 0.359865214
0.372886158 -1.4857198
-0.724544755 1.625590074
-0.414531147 -0.321313338
0.005931965 -1.291442309
0.365657075 0.704748082
1.253772588 -1.270297917
-0.525432197 1.597831718
-0.164719346 1.434790917
1.763796093 0.440114919
0.556808686 -1.411490829
0.911094257 -1.547965539
-1.118747931 1.189413464
1.688049645 -0.20224436
-0.607145589 0.48121097
0.527073772 -1.385438522
-0.40537392 -0.279506823
-1.515885371 0.263289208
0.079847001 1.123940748
-0.527351401 0.022248645
-1.603688352 -0.16575795
0.11177372 1.15732512
0.457116641 -0.353726204
0.032909667 1.272368351
-0.270772544 -0.901080038
1.286744487 -1.070487051
0.429655954 0.472729836
1.371803781 -0.847622067
1.058258247 -1.278350626
1.613474014 -0.11405885
1.442046113 -0.719555435
-0.57544858 0.000440013
1.133431456 -1.241023634
-0.778671889 1.502916774
-0.287109198 -0.819606836
0.399356106 0.636637924
-0.192148473 -1.140126986
-0.0170391 1.250376095
1.43020741 -0.874440981
-0.006308352 -1.18968577
1.494116624 -0.965637334
-1.684087345 0.199437437
-0.990208129 1.450520069
1.717524641 0.24948762
0.449247577 -1.505288707
-1.786454274 -0.215946449
0.442119951 0.413327086
-1.622630651 -0.015196612
0.166139973 -1.276728176
-0.942718573 1.275499059
1.557230235 -0.499545233
-1.156101412 1.173736938
-1.610934008 0.336049698
-0.575292941 0.232209201
-0.289472967 -0.736029957
1.758170613 0.44501524
-0.574943802 1.574532266
-1.379259181 0.779616205
-1.529054274 0.783860476
0.338054902 -1.505292001
0.578920277 -0.203974505
-0.527667053 1.500268066
0.530665994 -0.464977115
-1.388559549 0.805450416
-1.285152143 1.06942871
-0.56302994 -0.610997957
-1.672845524 0.007095715
-0.573333809 0.340967363
0.196821686 -1.298928534
0.187154993 -1.436230415
-0.891865983 1.444632609
0.193993538 0.953722721
0.808789377 -1.350603713
0.212010211 1.358828189
-0.613950761 0.571993822
1.285359086 -1.049262704
-0.192172689 -1.200110582
0.311336518 0.678548715
-0.48233758 -0.013880073
0.574707173 0.100475815
-0.318700974 -0.721516327
-0.218428101 -1.139036932
-0.334925354 1.362892835
0.988257136 -1.331519339
1.348860125 -1.065700882
-0.396876008 -0.639322738
0.22102277 0.83080346
0.26199838 0.887580043
-1.753779265 0.37126328
1.523057432 -0.674050735
0.547541318 -0.369971996
-0.418611607 -0.157125974
-1.746499587 -0.25135354
-1.085613391 1.250659074
-0.665791295 1.417409297
-0.553012559 1.61402285
1.590782881 -0.260990519
0.985024167 -1.247799778
-0.237462251 1.161240661
1.120630057 -1.311825588
-1.312150702 1.01564699
0.626942172 -1.70270352
0.092451038 1.241384808
-1.145419657 1.440320039
-0.227779311 -0.966714726
1.56003338 -0.583602113
-0.74676167 1.684647721
0.013404834 1.248221999
0.864408977 -1.492263751
-1.454253052 0.528584147
-1.537686765 1.010512996
-0.520638181 1.402506034
-1.593379469 0.077561551
1.342655592 -0.874245734
-1.777877936 -0.223897823
-1.71831068 -0.332170266
1.436647715 -1.126764631
-0.084933354 1.261457006
0.304337611 0.897038214
1.223377755 -1.200625556
-0.492174976 -0.560668879
-0.531528946 -0.09068234
0.573137779 -1.342993133
-1.114811244 1.383958942
-0.798562995 1.498496792
0.239807075 0.930797387
0.008830434 1.530430901
0.473964247 0.294470717
-0.356789227 1.431958385
-0.07440156 -1.24240764
0.287325939 0.756164768
1.809606937 0.030717666
-0.494510957 -0.1296853
0.385426828 0.519926069
1.281111808 -1.172085236
-0.463353512 -0.399554474
1.658854974 -0.22657585