-0.209388015 1.439574664
-0.213373445 -0.152102575
-1.217833745 0.556377366
-1.197681868 -0.678644351
0.640986736 -0.69108831
0.307089992 1.64031226
-1.63214164 -0.3846514
1.335820231 0.29552487
1.481479108 1.549072647
1.085295958 -0.545564906
-1.68895357 1.560686467
-1.074447471 -0.911751295
0.525656946 0.685964749
1.541222706 0.314291409
-0.255902622 -1.32265306
1.18917637 -1.601163032
1.171224725 -0.58590884
1.364558523 1.201989938
0.640063563 -1.680852203
0.614912385 0.198037993
-0.907783739 0.250338578
1.16192077 -1.022750492
-0.604739161 -1.448045452
0.915335103 -1.409693894
1.378282845 0.020852446
-0.834784836 -1.511607666
1.051904449 -0.391323397
1.284175719 0.749821496
-1.489961953 0.929106853
1.068672063 -1.406766702
0.540707067 -0.986842226
-0.619625866 -1.266943347
-1.629787276 1.225919597
1.450668273 0.754066159
-1.212010408 -1.751867943
-0.522212972 0.140640759
-0.336861692 0.565602745
-0.817076165 -0.747075306
-1.760537322 0.475073582
1.149586528 1.430106355
0.252814601 -1.088795194
-0.359874378 -0.511618669
-1.583034934 -1.706085698
-0.70558633 0.710705714
0.473796273 0.905257922
1.250935816 1.543316728
0.983757215 -1.614014063
1.57441586 -0.660949101
1.280598915 -1.287781467
0.490280853 -0.638224667
0.969788449 -1.308193325
-0.02163051 1.658902817
0.732571597 -1.313218289
0.499022341 0.578943667
1.079589798 -0.723508804
-1.272839924 1.188403438
-0.517396411 -0.227984099
1.544024945 -0.161182607
-1.498763885 0.542898815
0.701923714 -0.130631917
0.654235745 -0.378125254
1.338980114 0.92379362
-0.813796864 -0.113694297
0.720705506 0.101917257
0.019925512 1.173886452
0.479917203 1.514330556
-0.840557606 -1.408339206
-1.137150812 -1.095141
0.138624234 0.024554889
0.276593919 -1.056106051
-0.952478607 -1.557043692
-1.693802769 -0.519382626
0.804257295 0.678765127
0.523599507 -1.680403678
1.504849249 -0.571713294
-0.277461965 1.030365858
-1.464408444 -1.140246537
-0.653371748 1.176831973
0.594528136 -0.509150324
1.452342984 0.969349904
-1.745338087 -0.189690796
-0.30877565 -0.936022365
-0.805330422 0.618748096
-0.948441694 0.818579406
-0.155157929 -1.478141387
-0.372999889 0.996515166
-1.333690298 -0.00754893
-1.135988249 1.465271713
0.11889104 -1.180527167
0.155425898 1.577322279
1.093395817 -0.572723639
0.794868092 0.631265476
0.811018149 -0.074297205
1.402630644 -0.459863591
1.553424624 -1.329448333
1.449291889 0.894938357
1.528003478 0.169562071
1.463836375 -1.16542331
-1.677949015 0.680691441
1.210244826 1.362832365
-1.568552219 -0.52709483
-0.242131241 1.464803855
-0.766577609 0.637968133
-1.019674718 0.374988689
-1.389591426 0.86799906
-1.627182944 1.715512174
0.995132083 0.374883993
0.881125795 -1.744520484
-0.297253849 0.308575039
1.600757557 -0.483185467
1.580972518 0.037169244
-1.541145573 0.388108968
1.066777437 1.328915933
0.050746796 -0.208720234
0.429292995 -1.538087936
1.481320825 -0.921044867
0.392156654 0.343068487
0.718955014 1.212102627
-0.906043621 -1.035709529
0.803969303 -1.106748393
1.530913158 -1.069317898
0.042549582 0.526365753
-1.190199616 -0.413383446
0.917768396 -0.711607396
-0.588975314 -1.045452121
0.846646996 -0.922536825
-0.8431422 -0.048590081
-1.117028794 -0.956793601
1.427613477 1.033244318
-0.850863199 0.675281012
-0.519487752 -0.277519313
0.664090343 1.044981817
-0.868390653 -1.15102314
-0.257395608 -0.880403523
1.003587147 -1.167847449
-0.649340086 -1.083419068
-1.666699049 0.274984179
0.921086052 1.08763806
0.603839999 0.896699954
-0.244693223 -1.357681376
-0.838902405 0.194251866
1.440267737 0.60872024
-1.141258282 -0.140137897
1.119848536 -1.418637247
-1.507267211 1.503959733
1.244676159 -0.26493773
0.727089836 0.971613817
-0.636925764 -0.238553501
1.200444367 -1.708566231
-0.60938316 1.619454155
-0.193918353 -0.34567882
-1.668774524 0.7786661
1.479089504 0.670526454
0.496169889 1.485034887
-1.247846497 -1.393355871
0.593929589 -1.499022735
1.367340912 0.625736695
0.905671523 1.366591256
-1.495188602 -0.583627554
0.138505808 1.213158727
0.144823456 0.240884824
0.203948086 0.559288533
0.727276578 0.629865041
-1.302849255 1.688712901
1.170514257 -0.112050847
0.447865873 -0.825849694
1.093892725 0.334316087
-0.871654663 1.167959886
-1.44042112 -0.868033054
-0.612466396 -1.323289183
-0.17284977 0.906880726
-0.370753307 0.660575721
-1.109260427 1.119973956
-1.190840226 0.682718641
-0.80589928 1.085408084
1.56070331 0.946144352
-1.594568691 -1.61811648
-1.708722252 1.495949081
-1.16163844 1.214921012
0.759562053 0.594860694
-1.61866188 0.225896156
1.59055091 0.492376377
-0.77971471 0.913404361
-0.100303504 -1.348548322
1.254205645 1.041737993
-1.688950023 -1.613520561
-1.127731636 1.245144424
-1.107417173 1.449159224
-0.011518341 -0.756462585
-1.348314128 0.261054178
1.32472377 0.401534972
-0.276772393 0.417685739
0.764157679 -0.92364949
-0.846055968 1.347055453
0.92340233 0.77038666
0.541918544 0.050352706
-0.52586549 -0.393047314
-1.50661295 1.32563986
-1.708707068 1.181479318
-0.203167258 -1.114409692
0.376964658 0.028796116
0.438264246 -0.483508018
0.985268633 -0.266372229
-0.435514741 0.422453035
1.115286404 -1.45015955
-0.265895234 -0.110816475
0.061505481 -0.621855321
-1.145297982 -0.960725985
-0.926944555 -0.315251337
0.13725918 -0.601540899
1.079110477 -0.100805873
-0.721898967 -0.553499688
1.646062967 0.544648041
-0.362108033 1.362684056
0.867653955 1.250626247
-1.223306616 1.03441465
-0.118060019 -1.518137873
-1.462651506 0.238271028
-0.434734 -1.508839526
-0.269631672 0.998717542
-1.036573975 0.756749659
-0.304483294 -0.612386239
-0.334118223 0.455556251
-0.454786241 0.099422698
-1.522238501 0.553165059
-1.280604691 -1.167831201
0.631941687 1.68990722
1.349234864 -0.164977658
-0.732359873 -0.208002632
0.157740867 -0.837335363
0.718941596 -1.671338429
1.484348607 0.768785328
1.243393042 -0.578161328
1.447579749 1.686931091
-1.159802042 0.241636776
1.221629436 -1.585858716
0.906490445 -1.633532673
0.486898161 -1.422329675
-1.433550006 -0.755498102
-0.486868662 0.004345758
-1.54737818 -0.393484303
1.535596537 -0.093968728
1.598013339 1.533273581
-0.83682351 1.076016227
-0.580919639 0.488975353
-0.652337552 -1.071332889
0.224788333 1.202253028
1.534379151 -0.84242549
0.572906928 1.114199173
-1.048155806 0.024951129
1.355851511 1.251575887
-1.742418246 0.414748574
0.419950596 1.690295143
0.603985073 0.121302093
-1.150571961 -0.837148906
1.059020984 -1.513177086
-1.732444467 0.370240364
0.561111383 1.115485985
0.055559706 1.173298163
1.077612236 -0.400575992
-1.466903651 0.897225143
1.562442994 1.298413454
0.412687475 -1.42102689
0.270258469 -1.700461568
0.269514572 1.143178903
0.787416665 0.385317962
-1.363864899 -1.154308638
1.146574894 0.301131266
0.026688494 -1.031541638
-0.311082671 0.26428325
0.394654761 0.690363698
0.810972638 0.403254094
-1.242476253 0.130238792
-1.522322668 0.298763812
1.611863034 -0.826006845
-0.423905689 -0.807530389
0.154948532 -1.602824414
1.66222372 1.014724164
0.357509597 1.069901537
-1.014408469 1.229143834
1.626376437 0.454267716
0.168284851 -0.185960622
0.44509265 0.526405545
0.142485598 0.894422271
-0.554456344 1.064944458
0.419626003 -0.553670333
-1.160302193 -0.080672084
-0.208300846 -0.730836913
0.267576199 -1.736277792
-0.650571131 0.50130913
-1.691892592 0.249272237
-0.477153699 0.879086806
-1.045603015 1.101021642
-1.064974481 0.353243268
-1.095373136 0.147164265
-0.140322819 -0.97661572
0.240687796 -0.987287115
-0.018484187 1.223668966
1.211858457 0.495103558
-0.169304271 0.571968408
1.025884826 0.996420223
0.11854444 -0.686420416
0.497660394 -1.689027977
1.575017489 -0.608898968
-0.334936684 0.149710311
0.704381675 -1.192620856
-0.479258543 -0.646443575
-1.587672433 -0.177244893
-1.476773404 1.311612206
0.053661374 1.087912283
0.281906078 1.497989427
-1.498371464 0.789674577
0.583929715 1.009331661
0.203391861 -0.707097715
-0.699007833 1.330603499
-0.553283383 1.075073574
0.872114229 0.018151995
1.378578256 -0.709509361
-1.758879287 0.879104468
0.86824063 -1.074182379
1.044544627 1.231064725
0.495138172 0.050973252
0.39595592 0.458809281
1.159872499 -0.957796372
1.395658588 1.547043562
-1.019120516 -1.389078021
0.552292109 -1.362456443
-0.918566583 -1.184387933
1.192316736 1.404632698
-0.696013233 -0.601937491
-0.173052299 -1.2821378
0.924444298 0.098166253
-0.753500715 -0.079756576
0.272411162 -0.55867584
-0.852401006 -1.247622129
0.579628209 -0.217775133
-1.476952297 0.359280819
-1.377423293 -1.291120857
0.459650453 1.23601484
0.735823016 1.673881231
-0.932707924 1.116788376
0.286231976 0.866280885
-0.118270795 -1.321570146
1.026034017 -0.547645891
-1.218949142 0.099050743
0.048437236 -0.847970129
0.816655253 -0.509626569
0.057576973 0.14161781
1.491578156 1.650097213
0.607435498 -1.752216649
0.992025432 1.332365009
1.621808101 -1.687073349
1.196774542 1.257661793
-1.113813637 1.159506222
-1.619552666 -1.514042206
0.27362425 1.600318094
-0.151290154 -0.441833968
-0.05797922 1.68022492
0.518596252 0.155224137
0.963078611 -0.106899003
-0.046737165 0.93664779
-0.128443764 -1.306129114
-1.665728524 0.480797217
-1.414706262 1.33232854
-0.037042039 -1.700760633
-0.842247487 0.272235077
-0.639480778 -0.431349066
1.313945635 0.501032407
-0.922374559 1.282175838
1.131151731 0.467612957
-0.936256636 1.065099688
-0.306008722 -0.781793868
-1.033873586 -0.877887555
-0.198808347 0.388948662
1.345666571 1.122696045
-1.072935062 1.35102543
-0.58716905 0.04609111
-0.636490533 1.078052566
-1.399245069 1.454730356
-1.02589674 -0.858725243
-1.172747998 -1.352978868
0.23105701 -0.22846974
1.048817685 -0.582963725
0.921510613 0.283216147
0.600973301 -0.119200087
-0.822090462 -1.729417677
-0.901316611 0.230849004
0.061480896 1.599846701
0.682649395 -1.200800301
1.653979592 -0.554303065
0.262458002 -1.321852135
0.678947024 1.47903731
-0.739355958 1.059052578
1.596353226 -0.660565966
-1.25822242 1.59910253
0.381349469 -1.189474799
0.232938051 -0.263843728
-1.561866129 1.349689669
1.112987093 -1.038880288
1.109648688 0.985148763
0.787481349 -0.922886802
-1.651762859 1.088821453
0.945365312 -1.07870216
-0.86683477 -0.907060246
0.032653412 0.774466396
-0.815733202 -1.124746784
0.706540344 1.504651307
-0.519372095 -0.074975157
1.384855128 0.930637937
-1.175341643 -1.041874478
-1.59582593 -0.815557597
-0.141571989 -0.697548133
-0.148398001 0.386502801
1.443707698 1.455322637
0.374467279 -0.482390316
-0.888070508 0.354881735
0.460969363 -0.823454745
-1.578480502 -0.526087202
1.525709984 -0.974442432
-0.706727075 -0.737016518
0.648522271 0.800090664
-0.242083884 1.418201554
0.731261892 1.331852489
1.170767102 0.930733841
-0.669590996 -1.279304626
0.551245977 0.679192936
0.82721194 1.062995228
-0.39727572 -0.4576716
-0.68739147 -0.249507733
1.239337581 -1.748386205
0.124305887 -0.977417753
0.206025057 -1.455311599
-1.488040838 -1.094588871
1.631434229 0.49006341
-0.288286749 -0.706701639
0.230913425 -0.179582395
-0.179891382 -0.417249213
-0.945712371 -1.461462836
0.595939603 -1.138865485
-0.30730134 0.286415006
-1.27271584 0.321567902
-0.526691684 -0.866487671
0.119222845 1.683239878
0.881423504 -0.763400702
-0.043839696 -0.343412973
0.039053943 0.648999085
0.947791831 1.567560915
-0.759233182 -0.627828676
-1.70400769 -0.713322596
1.481250362 1.142116382
-1.36927732 1.598349132
1.294852502 1.227961089
1.419830659 0.101267578
1.582586129 -1.663972595
0.167142999 -0.458046519
0.172815431 1.367958106
-0.224597114 -0.964346755
-0.538591135 -0.205538027
-0.205304308 -0.580628493
-0.178581353 -0.550430822
-0.740085965 1.238881765
1.146745109 -0.767701868
1.309385629 -0.282264475
-0.585998755 -1.009740961
0.681915985 -1.653725233
0.300171938 -1.657776861
-0.768694388 1.627420288
0.269023967 -0.736434645
-0.782534593 -1.319131065
-0.635371206 -0.189573647
0.691326098 0.214806346
-1.636705946 -0.552272567
-1.60483796 1.508387638
-0.307338377 0.326656736
0.748712789 -1.742627903
-1.415599533 0.108964135
0.301449205 0.762875388
-1.383945654 -0.513106878
0.80587489 -0.92355839
1.570523292 1.63245743
-0.099378636 -1.302113342
-1.717146248 -1.344066956
-0.477335963 -0.579696129
0.896035693 0.225631518
-0.261224777 -1.264386163
-1.279565523 0.891007238
1.471075204 -0.862011311
0.050090399 1.095128367
1.014172198 0.479732284
-1.632796153 -1.205966301
1.130473887 1.067656352
0.528068493 0.251552374
-0.857307366 0.550919712
-1.409317443 1.560235268
0.207017223 -1.499722715
1.197509881 0.210321785
-0.999923897 -1.596709272
1.629706636 -0.033646152
-1.005339874 0.247172975
-1.112143968 -0.84138359