1.291611722 0.563365138
1.07567413 0.620076082
-0.275439173 0.68681931
1.347617719 0.42718656
-1.294032953 -1.615424411
-0.373946197 0.202168075
1.291570849 0.624094438
0.241276069 -1.52887461
-0.787926923 -1.187754542
-0.992325617 -0.683713635
0.109976105 -1.285811966
-1.210692424 -0.848323692
1.375520338 0.816091104
-1.07306947 -0.899902993
-1.250140407 0.659454217
1.200387588 0.596766472
-0.047383382 1.231089347
1.384778714 0.749260991
1.27739465 0.574158817
-0.221114032 0.200532414
1.058401263 0.796222217
0.578005232 0.791543385
-1.049568931 -1.776570141
-0.036397655 0.078650585
-0.044873545 0.185483441
0.043095999 1.094472466
1.115662809 0.664483966
0.305635294 -0.65402664
-0.646084538 0.662800966
0.996393967 0.671503259
-1.209641408 -0.827625902
1.174902605 0.805189439
1.195176301 0.72496323
0.496875675 1.730791221
0.14511474 0.385499861
-1.240733934 -1.023899951
0.087888441 -0.580124805
-0.190142516 -0.843392784
-0.477381332 -0.076134871
-0.772574492 -1.082663342
-0.859620308 0.77033428
-0.346698502 1.629478453
1.151652467 0.865424417
-1.28293206 -1.11177394
-0.881602336 -1.302623321
1.410813628 0.437815343
-1.237173633 -1.480319652
1.157400249 0.74767114
1.259497778 0.494595994
1.205856721 0.666401675
1.139239346 0.561564755
-0.073102266 1.275302644
-0.737687358 -1.738429098
0.011999186 0.788814879
1.103432877 0.931615688
-0.974115733 -1.143774627
1.309806393 0.537583403
1.169831544 0.666260794
-1.276797488 -1.673317807
1.153323399 0.587099141
-1.620936316 -0.813338208
1.325096303 0.555381093
1.341425751 0.627478153
0.18371715 1.65471506
-1.296957906 -0.147603942
-0.952579226 -1.65914111
1.174076948 0.49538731
1.213654244 0.814117199
0.040503446 0.08926746
0.165934107 0.198802357
0.399259281 -0.631955057
-1.252912792 -0.730514281
1.192480885 0.755182134
-0.966831325 -1.017464368
1.09229193 0.263354393
0.272480533 1.495866751
1.048110587 0.70589084
1.2739045 0.977651555
-0.039480106 0.289282706
1.175959011 0.588615887
-1.100927244 -1.319654153
-0.957146144 0.521488426
1.211086996 0.845557122
0.691392439 0.16964872
1.260158141 0.696266324
1.217611651 0.533117255
1.164937259 0.564042179
1.376675192 0.599670588
1.143069636 0.659608266
0.058523404 -0.46126217
-0.954991293 -1.015371558
0.324902126 -0.004882028
-0.988710186 -1.260279824
-1.13706133 -1.513454072
-0.797867876 -1.866297249
0.463140345 0.383493198
-1.272913698 -1.364988122
-1.378313146 -1.143508975
-1.166731513 -1.030300531
0.963721116 1.23749578
-1.483325796 -1.404499211
1.337743862 0.716781734
1.122096869 0.453837906
1.147122218 0.319674262
1.125919361 0.655537094
-1.085410472 -1.31241578
1.280429518 0.759141995
0.12777681 -0.334611238
-0.214975328 0.743718673
-0.325220561 -0.475098556
-0.671596232 0.742732433
1.304493882 0.434013482
1.056144868 0.773801492
1.308265848 0.614229366
-0.370444422 0.528602471
-1.278957192 -0.665273752
1.397515404 0.905814398
0.048583151 -1.76604669
-0.952305159 -1.393265429
-1.085230144 -1.244834166
-1.295619383 -1.373373581
-0.909894646 1.904563307
-0.685963121 0.96411388
0.040172066 0.964532996
-1.209040517 -0.595162214
-1.033923636 -1.528360002
-0.746004143 0.579555573
1.232511362 0.669154312
1.311450012 0.67961668
-0.717054288 1.348420118
-0.661541296 -1.460323509
0.341305731 0.651548187
1.231755373 0.792339565
-0.536984258 -1.119774052
1.142711075 0.619293417
-1.22973484 -1.446379449
-1.10187136 -1.50798201
1.050545383 0.779665523
-1.516211584 -0.787607013
1.061020743 0.61205655
0.117135134 1.681205763
1.158355257 0.518742694
-1.208700596 -1.051319767
0.090942949 0.990919445
-0.325394405 0.160326256
0.371229111 -0.167619352
1.202939477 0.646222221
-1.171635679 -1.974078929
-1.525599827 -1.004151984
0.048354735 1.829445402
1.160472422 0.709530875
-0.179222185 0.221959411
-1.078866489 -1.085114451
-0.826724168 -1.588020051
1.123260142 0.50790485
-1.270860517 -0.917705058
-1.244983219 -1.575782862
-1.191759867 -1.603498239
1.005573064 0.533070941
1.177676537 0.50952926
0.196921309 1.174419917
-1.050544291 -1.272548021
-0.343666636 0.381686351
-0.994987251 -0.818727332
1.353201764 0.511082121
1.180150187 0.590061288
-1.134129212 -1.499011113
0.350640333 -0.472263354
1.103119762 0.152320489
-1.199795735 -0.678291834
-0.823226274 -0.298785252
1.293427411 0.721144462
-0.408158039 1.170392843
1.100704885 0.733797221
1.081015436 0.595342861
-1.015806728 -1.438098366
-0.642593595 -1.330806508
-1.106206108 -1.054114819
1.256330026 0.804778573
-0.173486134 0.835591643
-0.777584269 -1.090926839
-1.454729708 -0.983334468
1.238906937 0.869511737
-0.376196831 1.306730081
0.179934162 0.07346006
-0.473998446 0.959867712
0.923077781 0.347350721
-0.612639564 -0.122110527
1.074257152 0.412501586
-1.403364175 -1.234626662
-0.519774532 -0.474008874
-0.736461608 -0.756466886
-1.116052113 -1.11982253
-0.22225419 1.602958862
-1.507916949 -0.900540807
-0.116391605 0.07314672
-1.164295272 -1.165195435
-1.45874554 -1.03250227
-0.095983335 0.148212184
0.564052769 0.436077288
-0.95766594 -1.512082444
-1.46023707 -1.123902696
-1.559068036 -0.868096872
-0.901157088 -1.333417996
1.014721712 0.860422821
-0.889429943 -1.492238339
-1.228449461 -1.170299248
1.069071643 0.741145274
0.24448329 0.86201826
0.047490755 1.092394277
-1.191948873 -1.540671332
-0.428136314 -0.386365339
-0.427675981 0.185253866
1.32864129 0.591030549
1.176627902 0.588208099
-0.968621859 -0.784590335
-1.05224664 -1.44452307
-0.804512953 -1.505311143
-0.878729494 -0.718839661
0.674901812 1.403991973
-0.202491168 1.443106348
-0.220064962 0.837830176
-0.775271081 -1.017531481
1.093877535 0.70275051
0.628162199 0.989636704
-0.176364012 1.351769898
-1.318551504 -1.137015302
1.008123575 -0.080874168
1.215625119 0.450086104
-0.326105594 0.345538185
1.149565583 0.77766797
-1.180777137 -0.964496347
-1.013160565 -0.876529331
-1.277492166 -1.48785108
-1.050090082 -1.564522895
1.301740658 0.594130821
1.004870555 0.641454504
-1.021512818 -1.345137104
-1.233487406 -1.290709891
0.67245663 1.101838672
0.029741753 -0.861048896
1.152264732 0.968927417
0.15029797 0.014803066
-0.869257537 -1.332544913
1.339826992 0.802061095
-0.994278618 -1.285321683
1.143864312 0.829210541
1.277094339 0.766483504
1.332223304 0.775342573
-0.134176424 1.612067077
-0.446362928 0.950421589
-0.908789086 -1.589854172
-0.61631715 1.788354597
1.265038967 0.756916809
-1.30906721 -1.128898376
-1.097630055 -0.742939775
1.118245849 0.632189868
1.167431664 0.982592326
-0.860209989 -1.480996292
-0.493695366 -0.784600115
0.043637415 0.902995443
1.164226574 0.707275437
-1.006345481 -1.238467131
1.301292024 0.665840333
0.008902038 2.182253072
1.275836834 0.696153241
1.309450222 0.68758196
1.217858346 0.608688955
-0.963817287 -1.258224932
1.309904873 0.911074208
-0.847924639 -1.51336541
1.12938527 0.720782034
-0.229586599 0.659386878
-0.481288797 0.599450862
0.661726023 0.420092828
-1.227250909 -1.607885316
-0.27986704 1.792093232
-0.830455249 -0.368123604
-0.918727003 -1.163395067
0.78294204 0.113951359
0.305185229 0.476454543
0.266492902 0.453094571
-1.629174536 -0.461416283
0.99599784 0.643947778
-0.026588501 0.35310684
1.276286275 0.800671905
0.133550876 0.366716672
-1.003451126 -1.850297586
-1.113251891 -1.169697498
0.021900531 0.223086189
0.355428548 0.554863869
-0.739848582 -0.890159259
1.030106113 0.650107657
1.295723088 0.806564045
-1.054107727 -1.67876339
-1.377706776 -1.472181148
1.164446506 0.787670262
1.117644224 0.672730013
-1.293583913 -1.42284527
-1.09189487 -1.130400116
-1.464322554 -0.780439786
-0.765139827 0.552825464
-1.040007166 -1.119732015
1.075530307 0.588106473
-0.931878264 -1.244434618
1.173441522 0.875320918
0.116186714 -0.06018068
1.187158752 0.910430195
1.292773127 0.604073995
-0.767245987 -1.019385172
-0.622754359 2.072612285
0.087469726 0.804767126
-0.785121307 -1.815215203
-0.944261742 -0.063809146
-0.970766753 -1.187506211
-1.289573799 -0.718249482
1.295699022 0.909381377
-0.794004984 -1.193527785
1.128726067 0.495605862
-0.396606969 -0.662725739
-1.334379342 -0.814310891
1.28664547 0.689768822
1.097785605 0.702822961
-1.005967905 -1.941357579
-1.099970855 0.814428729
-1.164667611 -1.787348379
0.35161748 0.946658959
1.270088889 0.839129895
-0.753923437 -1.631114898
1.259683999 0.830383032
-1.120212832 -1.131712224
1.169071633 0.696781075
0.588278023 0.087935163
1.198761134 0.500836601
1.262501581 0.689110134
1.115842699 0.8122636
1.102386551 0.613094826
1.332028373 0.63785135
-0.748291566 -1.041893415
-1.137862935 -1.233353652
-1.28768032 -0.488082617
-1.000644625 -0.756910164
1.29377699 0.43321489
-0.361006168 0.612691142
1.153198071 0.670968799
-1.221511978 -1.057118992
-0.985371885 -1.616479478
-1.043283829 -1.388580221
-1.388864654 -1.354752516
-0.328832344 0.873354336
1.387779403 0.738622307
-0.344618702 0.41533311
-0.031360785 0.620985772
1.285162569 0.912780098
-1.062303318 -1.295029866
1.209762829 0.895308574
1.379129343 0.883585702
-0.159976881 0.914661298
1.349029265 0.656909641
1.163801977 0.735298054
1.283604066 0.629696931
-1.347328337 -1.146360583
-1.113177168 -1.723992355
1.159235384 0.884816705
1.058564446 0.597507257
0.128941147 0.044634968
-0.022531851 -0.028851002
1.26458615 0.719692762
-1.175106946 -1.333236619
1.394612884 0.591306678
0.174387406 1.669133538
1.132543123 0.58464859
-0.009268165 1.176440946
1.218542321 0.714433677
-1.043784919 -1.031310422
1.232845394 0.709737843
0.539973123 0.45514726
1.154099174 0.268744282
0.334107306 1.305094173
-1.024699037 -0.463493201
-0.877408214 1.919622935
-1.621884404 -1.630221266
1.092625604 0.765357669
-0.622251508 1.693429862
1.210376116 1.000425514
-1.214658994 -1.431664279
-1.086078646 -1.419616991
1.344961326 0.741122163
-0.695491505 0.117925429
-0.405812909 0.361567324
-0.049031855 1.264644397
-1.12166672 -1.581006835
-1.00486279 -1.429461173
-0.044750382 1.128628365
1.347193632 0.808552695
-0.190186007 0.80709881
-1.053492706 -0.947678617
1.18715279 0.901608312
1.069855962 0.877305501
-1.042281757 -0.90772138
1.187592637 0.579139297
-0.041428778 0.849519066
1.196990791 0.540919073
-0.291426998 0.336593188
1.301802527 0.678272022
-0.980197043 0.459207928
-1.162368554 -1.127980034
-0.438177559 -0.382179549
0.00338891 1.168893056
1.364105628 0.605871962
-0.738802216 -1.048123123
-0.849825119 -1.006041907
-0.89295599 -0.975880631
0.933819662 0.800321159
0.038692354 0.731277105
1.237148335 0.568500546
1.304153521 0.491677813
1.170377825 0.583211444
-1.002432897 -1.102093573
-1.470214291 -1.180418485
-0.75005417 -1.564188095
-0.895940059 -0.362513811
-0.156139774 1.284969225
-1.074691248 -0.837370942
-0.265378734 0.954319894
1.309789562 0.538745315
-1.001778453 -0.794207475
1.170925291 1.006168288
-0.799560439 -0.646777254
-1.132930196 -1.371274915
-1.211647251 -1.405664154
0.006012368 -0.232914184
-1.362842697 -1.580977126
0.879612608 1.044724576
-1.203472875 1.563978136
1.190681135 0.739667563
0.23556538 0.23799093
0.04814569 0.291265068
-0.811085403 -1.180231589
-0.731693626 0.269963176
-1.209323605 -1.13810288
0.497464607 -0.436512299
1.29520629 1.209644566
0.530178793 0.804350675
-1.145882794 0.891577088
-0.912003295 -1.729028213
1.030125742 0.874997669
0.696141305 1.645350401
1.426232837 0.580319233
-1.175182881 -0.887965839
-1.377130959 -1.605618052
1.286689755 0.546031418
-1.248816858 -1.432893456
-0.928380411 -1.331742672
-1.267026125 -1.523399647
1.131685298 0.673676992
-0.162218401 -0.612653428
1.365127667 0.814667709
-0.96273148 -0.866338181
0.533078732 2.517118132
-0.089302142 -0.254361679
1.414274777 0.82615405
1.289524103 0.753567776
-0.894949845 -0.957444021
-1.005395945 -0.920935181
-1.444771919 -1.097534397
1.478449849 0.906326331
-0.867459856 -1.145486567
1.146705709 0.535940037
1.366496801 0.544727764
-1.090619613 1.394458073
-0.86806816 -0.926772365
1.319057948 0.562941968
-0.847027909 -1.09305254
-0.062337003 1.380544254
1.177534847 0.72782788
1.043340443 0.609436535
1.186846764 0.505757446
1.175077903 0.758573937
-1.090524338 -1.018657771
-0.335588086 -1.352320323
-0.432058521 1.316882819
-0.912447263 -1.04432225
-0.058491288 -0.410061197
-1.118945392 -1.002304927
0.431288307 2.681977091
1.147041597 0.695680216
-1.053103431 1.828129163
-0.978728107 -0.271703331
0.475688872 0.328738039
-1.366196796 -1.425767606
1.03894325 0.493308801
1.128104399 0.734511474
-1.137734279 -0.953442245
-0.180582689 0.329315623
-0.968750887 -1.522088228
1.347215366 0.645381891
-0.118349509 -0.07978924
-1.232124371 -0.605085966
1.213640992 0.705831426